1 10
10 1
1 1
100 200
201 210
900 1000

92947 800625
765715 219747
233391 457536
754220 935290
9654 294209
607178 367429
844902 221287
730915 360465
235792 508636
980470 301243
992273 96575
574738 344673
923517 824621
331076 203120
325442 777841
301821 910748
196026 772126
432100 37857
631647 808715
815632 44333
122767 929387
964239 493662
324063 360281
995261 916012
195264 806632
390041 775397
999477 820511
648411 36157
210779 956553
811954 793112
151595 404397
372376 971772
11465 561707
308850 352277
606976 566383
906852 98590
31641 895914
212113 882160
632473 153537
961960 197282
704110 328532
872399 835842
171519 386719
670015 751113
786764 761463
634364 601079
566105 957659
196203 943054
810686 356053
319269 439301
558202 899423
121315 357630
482094 759654
458235 849149
118049 309171
751807 719418
145679 707668
814591 904990
872585 1198
366783 944110
12427 459798
522665 840647
136723 982294
197827 531119
581723 16277
973688 985862
624784 751843
296774 957194
84950 991236
153228 100221
498600 290716
71115 857
901827 633613
776187 60406
235049 350074
632080 725856
142372 631540
64977 251435
672563 114706
967483 9017
893387 220831
239653 679418
282384 878918
508782 120133
130016 49917
772202 806107
79494 661059
317638 314401
664223 2182
966379 795909
700372 593065
174828 241425
835736 495592
731295 43582
957309 686536
859060 707
261175 180511
148688 857344
311594 438768
931618 697365
51971 117809
703570 655723
235625 398676
38921 339419
162618 313115
284578 90222
712528 488415
854797 717496
54942 248673
157878 617312
971212 550732
397673 879824
519994 979929
629643 556701
494839 167523
578172 659813
256045 536133
969215 203509
310710 715598
272395 400470
450774 504981
450146 295496
710964 854996
763701 241475
820378 444955
791488 427237
139527 857813
142861 979415
911213 428436
454846 920387
278465 618753
237838 338223
378279 18218
192226 546246
864286 465903
53114 791324
787949 806018
93406 127023
835228 761104
55832 511912
50501 810150
123171 604551
77341 566255
358412 889415
469202 365506
964287 476018
142737 190052
253090 203142
460714 440561
956052 998675
302301 588384
