1 10
100 200
201 210
900 1000
1 1
1 10000
1 2
9999 10000
10 1
10000 1
2 1
10000 9999
200 100
210 201
1000 900
1 999999
999999 1
999998 999999
999999 999998
10 999999
10000 999999
999999 10000
999999 999999
9999 9999
64 9999
500 9999
234872 413254
123425 9324
351523 123434
940652 123434
10 20
1543 2341
423857 135487
2 2
246893 243589
5000 100000
1435 1354
4362 1331
4315 4362
1243 1235
5924 2314
135948 534698
695834 423959
549876 134589
854362 198347
254892 354987
685944 583479
984932 534867
132947 243567
138259 138495
134758 134879
137854 123040
243578 283495
250894 123489
934503 198347
354980 103489
530496 543608
234699 439260
423960 243567
423950 294057
420967 824357
9437 1843
3210 4398
2034 1493
2560 1350
549 1345
831 934
926 246
1023 3541
6359 1320
5946 100
4309 213
4035 243
345 348
231 345
436 234
435 234
563 234
546 67
145390 123404
356408 123453
905348 134043
809243 258394
456970 103489
123443 543608
123489 324598
248395 123840
234967 294057
134599 324859
143957 435890
254839 213490
234597 123481
59436 803457
245968 294580
902452 392483
234950 902435
902345 123840
209458 920452
925083 423985
23495 423905
243952 924735
920345 923482
934285 432958
932423 938452
402395 301984
804312 310452
384952 403252
342852 901345
123509 235802
