1 10
100 200
201 210
900 1000
345 12
676 7676
35 3546
3778 8787
676 879
989 9877
7858 5588
78787 467
476 76787
78787 78755
5467 6878
889 98989
43457 78844
5000 6000
6000 7000
7000 8000
9000 10000
345 5555
10000 11000
23453 23432
56 4
235 1
56 65665
99999 34
2345 1235
4532 2466
2465 235
45 3245
46 77
45 55
45 46
78 7800
235 2
35 235
9999 1234
2345 42222
235 2355
2351 235
344 23555
45435 998
34 36
1 4
1 2
1 554
25 456
245 678
9678 84567
345 4345
345 44
4555 5555
3433 55555
5777 45646
34534 64646
45555 55555
8989 9898
5656 6565
6767 7676
7878 8787
9898 9899
900 999
4566 45656
70000 70000
1 99999
134 3535
45445 45450
88800 88888
55500 55555
66999 66000
44456 44455
34567 54567
45456 63565
67667 6766
23 24
46457 65767
57000 58000
30000 40000
25000 26000
44444 44444
43663 36346
76746 84768
33767 78558
57999 78768
43322 43543
24566 24566
90 99
91 92
93 93
354 54
24 235
1 2
2 3
4 7
1 664
434 55
909 9898
35345 23553
3255 35352
145 2545
545 4543
4545 1454
13556 26526
26426 26563
65477 47557
57667 76457
