1 10
100 200
201 210
900 1000
842184 517960
827986 447069
391347 623300
311477 442860
924190 410962
690061 181187
324813 801125
390379 714094
769028 729473
475443 19989
533606 373583
553114 628661
28824 956492
348888 363301
980015 975126
74366 245495
552923 686123
370424 359078
615319 145649
182798 784814
543787 899496
905291 863972
878205 651231
70069 445500
176282 897963
213174 648957
205569 910849
974910 633146
296416 182519
742561 134609
554913 166987
150116 875914
105867 290320
868263 393597
749707 996957
409123 179275
101224 971792
11277 119590
472460 987185
933516 410244
701960 201690
368120 913882
244861 91789
614092 617056
311208 735969
428413 137327
778621 34028
319812 329130
989017 554021
237475 22715
992216 925433
747321 947849
32852 193682
157993 835558
85939 195758
616184 912770
56486 976689
893907 285307
532485 372277
232681 203150
132800 875810
832751 278201
214335 125348
651289 19163
204590 257047
100808 656854
734343 529009
410611 171908
140044 353003
668554 464338
869187 821143
297607 933068
240066 539730
663410 30481
934798 354063
38966 15576
770567 611683
47727 991299
916017 567635
603080 448476
155133 896942
971088 956327
940275 765282
211151 439886
978204 696498
698770 225751
563206 969834
170170 110943
889132 858875
228871 790546
710518 761241
830553 298411
506062 141168
305410 17245
529655 812772
468745 518029
58879 978786
774319 3327
975503 236246
80876 655505
115883 961566
768713 871491
448305 536245
757435 819728
282789 946236
816631 393406
896271 582171
