1 10
100 200
201 210
900 1000
10 1
200 100
210 201
1000 900
1 1
2 2
3 3
4 4
5 5
6 6
7 7
8 8
9 9
10 10
11 11
12 12
13 13
14 14
15 15
16 16
17 17
18 18
19 19
20 20
100 105
100 204
100 300
100 400
100 500
100 600
100 700
100 800
100 900
100 1000
1000 1100
1000 1200
1000 1300
1000 1400
1000 1500
1000 1600
1000 1700
1000 1800
1000 1900
1000 2000
1000 2100
1000 2200
1000 2300
1000 2400
1000 2500
1000 2600
1000 2700
1000 2800
1000 2900
1000 3000
1 2
1 3
1 4
1 5
1 6
1 7
1 8
1 105
1 100
1 1000
1 10000
1 5000
1 500
1 250
1 220
1 666
1 600
1 700
1 800
1 420
1 576
1 879
1001 10000
1100 10000
1201 10000
1301 10000
1401 10000
1501 10000
1601 10000
1701 10000
1801 10000
1901 10000
2000 10000
2100 10000
2200 10000
2300 10000
2400 10000
2500 10000
2600 10000
2700 10000
2800 10000
2900 10000
3000 10000
3100 10000
3200 10000
3300 10000
3400 10000
3500 10000
3600 10000
3700 10000
3800 10000
3900 10000
4000 10000
4100 10000
4200 10000
4300 10000
4400 10000
4500 10000
4600 10000
4700 10000
4800 10000
4900 10000
