1 10
100 200
201 210
900 1000
1 1
1 10000
1 2
9999 10000
10 1
10000 1
2 1
10000 9999
662140 131104
586706 585045
861979 579530
785185 878071
150522 642865
871843 960233
512492 879392
694813 838265
850938 91980
146556 124782
515550 941790
122315 640519
200648 24120
708631 998667
544359 556906
330877 750549
803096 455609
81886 775655
971104 71802
427579 735791
724160 183471
309632 378796
836329 59974
679594 892452
892616 558503
526943 293869
160397 362094
267086 463163
974597 429599
693847 8632
177884 141967
739365 481446
702552 541895
276817 817125
490595 563778
354198 569328
73674 303616
491992 704910
956744 721822
115523 108610
327719 745549
172564 303961
137141 987725
876610 354098
920385 318891
535373 298273
171474 358494
805819 828871
623336 145437
408923 968507
611802 310636
612170 446849
913699 593750
391024 245390
389053 841965
948394 15924
602455 609121
471767 129553
997289 694429
67639 703372
854270 600818
531573 345839
533415 551902
609623 44147
781964 205764
634371 708478
240780 266856
620200 553511
135125 876168
508392 788449
907312 190524
650677 484217
315058 513395
448827 120936
665760 155536
576664 526234
358796 831836
615749 966743
337201 721869
707773 478789
634481 277184
977065 589415
426473 194391
973937 429814
554020 706464
439506 151493
787308 993511
866851 889290
188922 119655
317380 452399
727836 463876
511588 936416
96970 872932
479770 25363
735981 314281
876739 928803
736679 495159
277580 623110
265903 735335
529036 227379
762843 398827
502368 125267
567229 833786
292446 843496
392166 906552
102803 422104
484153 856579
714782 540673
301826 196921
144754 589358
13380 343094
55792 98957
642359 275549
303162 498192
875227 551033
179041 502794
47048 947164
156488 929910
896766 216367
10387 528268
978394 281172
623387 853338
358229 946224
880415 328561
72627 260230
889974 601938
244676 865052
324728 176084
431870 359386
738295 989756
906042 412982
41715 990562
808830 250045
474686 501582
832660 80589
988672 974033
289869 549124
376248 231675
513670 171544
518330 985921
491951 630085
651748 938716
884424 132096
407680 991950
419495 614974
220276 39426
159395 404882
821679 821138
267732 343585
710279 395527
11619 687342
909428 907833
48216 702085
733025 319229
635416 237334
463034 551124
779141 305552
353182 346259
10650 908566
825242 605539
374936 527853
846028 240514
984598 443146
508650 381981
919536 388870
552359 280318
221908 797980
85317 972625
566068 416953
523039 381939
361966 932194
531429 136909
428255 64633
408234 88677
628473 269583
736829 364426
209561 486956
383453 952361
285676 533262
889166 56472
334817 213297
249350 478372
911325 566485
886968 316723
586277 877551
313985 341564
780832 312181
256343 119258
598272 200334
825563 181166
995892 246604
841437 144171
871072 460277
556276 411078
365077 394978
420797 788442
139781 175163
359756 530365
101617 111507
908549 527619
244259 696189
222734 555460
561952 810790
755413 973144
530743 829898
966002 539356
230619 713305
679337 573360
317668 540329
599674 425135
419890 531081
877196 278876
653202 736588
723681 915093
827535 590866
170068 98597
429156 211909
11270 130705
627727 761799
452806 819406
745191 342780
646533 853370
586084 167777
243646 260539
44458 444015
306543 169073
252078 647805
891802 457626
674682 433804
315066 272653
750227 765495
679401 17574
487869 179083
881385 716276
877202 516436
898514 898950
583819 209243
214385 399305
709886 862469
85817 109519
361726 99900
738112 186724
802914 127794
188062 165771
203295 570706
120976 42947
287435 992616
970717 769939
682078 360867
642843 224275
887556 20300
776934 836485
721595 532831
190960 111023
408888 173815
466031 253602
370844 410564
263464 912343
795965 729295
219500 683071
77129 956872
644370 798278
694551 913286
741895 960885
839363 321358
911457 457961
248880 382863
190965 430544
20532 741814
767084 324641
904935 561684
848209 633191
995352 992998
910396 76557
636054 19048
434235 755657
811972 341509
930994 266294
35067 284734
297682 838666
477453 688992
256343 522356
210560 156767
490343 997939
739581 374766
443419 425061
340575 502994
228356 939007
283778 933168
964085 412356
266682 958551
8043 842206
288438 741683
442569 985061
133031 282742
785570 904896
626407 677353
719671 254544
494319 733548
817021 875269
153910 426206
