1 10
100 200
201 210
900 1000
873947 294759
294759 385624
839 217
256 1024
1 1
999999 999999
2 1
540 545
1 999999
800736 900384
900384 800736
123456 234567
234567 123456
345 890
890 345
543 987
987 543
222 888
888 222
1 1
999999 999999
5 1
1 2
2 1
999998 999999
999999 999998
987654 876543
987654 876543
5 5
1234 5678
5678 1234
1 6581
176457 176457
9800 10000
9876 9875
2745 8532
99 101
99 100
12 65
876524 879001
2 3
90 72345
9854 6547
53 4
2877 7888
9384 23948
3943 3904
998743 999999
39324 34928
44299 77333
9374 6483
9927 3374
938 385
1 7786
47484 48593
38495 39488
23002 79932
12093 23822
3404 78437
12993 23993
34473 47749
700333 800333
33444 85777
34858 30440
98495 98434
98943 394844
203434 344944
9843 9853
783 904
2323 3232
89349 39488
2938 2398
9939 12000
8989 9898
98437 98438
33243 77983
999000 999999
231 948
92834 93848
983 348
349 439
12 98
2 94
234 230
21 7
98 344
349 9000
32323 23232
98349 98777
80000 90000
10000 20000
800000 900000
87 9384
3 98
333 444
555 666
777 888
999 101010
9834 10000
348 399
4444 1
9834 2222
1 80000
2 50000
3 60000
7 90000
10000 80000
1 80000
1 84930
1 50000
1 53402
