1 10
100 200
201 210
900 1000
1 1000
77 78
1 1
99 100
9999 10000
1 5000
1 10000
2 2
234 2352
4433 4444
9876 9999
16 999
9828 9835
5819 9270
6689 8693
9223 9627
9649 9927
7458 9362
5929 9229
7165 9751
4654 7708
2330 7670
3386 9393
7407 7671
3824 8808
2991 3800
9111 9580
920 9176
4723 8323
4876 7817
721 4276
5799 8128
9696 9873
1071 9747
7357 9847
6314 9062
7559 8808
8169 9605
3010 7875
1633 7347
5607 6119
2298 7823
1944 7663
6209 6504
6816 9726
7880 8586
1593 3966
3022 4064
2679 4291
5097 6927
6386 8436
4926 5578
4482 5164
1251 3392
4771 6486
4109 4966
7351 9750
1939 7883
7450 9517
2499 7578
2369 8947
802 4762
7564 8347
399 8684
5803 9383
7857 8913
3788 5497
4511 7321
1394 9825
7438 8737
6401 7048
1797 8079
6022 9503
4060 5106
7364 8378
7811 9294
1465 8818
4863 5860
9471 9504
9359 9818
6718 8853
4845 6480
4670 5634
9903 9972
2187 8263
589 8726
1553 9964
6062 9310
6039 7252
5019 8030
9432 9479
1557 3880
7388 8988
3506 6511
357 3232
354 4240
3973 5057
8672 9953
909 5480
5651 9890
2672 5262
9141 9755
9463 9806
3675 6372
6733 9131
5619 8926
378 5913
9164 9747
829 9872
2143 3475
6035 7769
9707 9942
673041 977754
274218 926827
150986 408937
573727 575044
667857 671772
699512 751079
826105 828307
595370 700525
627629 664882
553292 553350
1 999999
999999 999999
999999 1
200 20
234234 100000
2 1
999999 999998
