1 10
100 200
201 210
900 1000
52469 15183
4807 98898
16971 90966
41834 49238
30576 48609
99163 56161
42788 65073
57850 65400
22287 48099
595 4580
28994 5565
59515 39126
72945 7416
60708 94459
28662 31256
66528 95893
5131 37898
88507 71012
72892 41788
78212 25757
77912 87816
90468 55463
41990 65806
26337 38675
71696 76061
89884 19478
36470 97626
99483 69037
12143 85304
74199 32034
82719 60243
23680 14516
55179 79216
13002 58467
13601 36682
35555 29592
76269 19589
70185 66250
75578 82413
49348 21463
77728 50215
61866 1230
90943 13294
31155 81667
53751 32989
55687 94553
58728 36269
48751 79865
44600 88632
86028 93100
97104 95272
4165 33739
33451 79866
24608 35009
34203 682
773 31063
57816 80871
55391 29713
49633 13025
36418 72219
90071 5379
43805 79900
55036 30096
62640 98154
9407 40239
68541 76785
42777 1552
95214 95516
10133 88353
51284 76008
41611 95812
11286 12821
11071 58937
28855 14505
53754 56468
39442 17267
44740 78494
47589 29059
49329 22578
5640 38931
682 77
79176 91225
79769 84685
83218 99515
44584 83281
36261 83169
44105 76050
66377 54967
99150 89660
81621 87550
30859 22717
4611 39341
57218 21286
57190 58687
70683 29169
19503 44595
11384 83850
76803 67744
4022 70777
62272 58597
77982 41147
42093 58510
24965 10416
64787 91121
91472 43132
49539 82109
10407 87191
95633 4652
32758 78178
4318 73492
56505 18031
64875 12643
96808 25477
8465 61359
59134 78195
60500 42541
95357 99697
20899 5256
74528 68916
27314 50289
7434 38582
80518 49853
23825 71171
36682 46782
9073 7504
72317 84241
80745 74745
16255 39878
87048 59920
15148 63714
36050 53319
84900 12518
18444 53347
78845 38150
68625 84325
43860 81502
98824 17769
87181 72867
44128 58111
52308 95542
42179 54590
13324 59488
30558 83152
72349 3278
81262 4188
64478 86334
96605 51823
98087 42499
30565 56948
72356 91245
40920 8509
17993 49897
34193 81798
1689 98939
29048 82641
75740 38704
54274 26766
29259 34460
70161 85153
99159 10654
10441 75720
94616 22078
46856 21192
26085 6400
94945 8600
14440 89242
82634 45599
66125 88036
20472 94603
33201 39450
11145 27257
5834 91035
62979 56300
51126 78755
83216 12710
27507 35043
12755 56033
74105 21791
36424 86904
94314 61096
76976 77662
71971 92287
66887 49700
61127 97799
28856 18572
95311 25736
11212 27725
37353 60679
85918 2106
39432 92745
42891 73277
41711 17903
68503 47762
46436 58277
21170 16218
61074 22905
62380 83708
8446 40616
47276 51236
65336 23423
