1 10
100 200
201 210
900 1000
1001 1200
1201 1400
1401 1600
1601 1800
1801 2000
2001 2200
2201 2400
2401 2600
2601 2800
2801 3000
3001 3200
3201 3400
3401 3600
3601 3800
3801 4000
4001 4200
4201 4400
4401 4600
4601 4800
4801 5000
5001 5200
5201 5400
5401 5600
5601 5800
5801 6000
6001 6200
6201 6400
6401 6600
6601 6800
6801 7000
7001 7200
7201 7400
7401 7600
7601 7800
7801 8000
8001 8200
8201 8400
8401 8600
8601 8800
8801 9000
9001 9200
9201 9400
9401 9600
9601 9800
9801 10000
200 1
400 201
600 401
800 601
1000 801
1200 1001
1400 1201
1600 1401
1800 1601
2000 1801
2200 2001
2400 2201
2600 2401
2800 2601
3000 2801
3200 3001
3400 3201
3600 3401
3800 3601
4000 3801
4200 4001
4400 4201
4600 4401
4800 4601
5000 4801
5200 5001
5400 5201
5600 5401
5800 5601
6000 5801
6200 6001
6400 6201
6600 6401
6800 6601
7000 6801
7200 7001
7400 7201
7600 7401
7800 7601
8000 7801
8200 8001
8400 8201
8600 8401
8800 8601
9000 8801
9200 9001
9400 9201
9600 9401
9800 9601
10000 9801
1 1
3428 3428
6729 6729
8882 8882
10000 10000
