879619 498643
745476 512731
669254 235110
233679 412100
224287 633005
704524 437965
564909 959720
236171 945572
983373 485047
180465 306908
415950 567955
808 507009
142684 511555
602084 976753
706909 668574
733919 748368
804441 254927
348339 168232
454315 131493
791997 573837
420897 967574
803450 767731
180848 798345
805335 4545
632613 546779
840198 712388
575247 207822
503707 416751
22338 604076
364123 923039
492532 519525
346830 635690
349946 998564
879956 109517
442628 894718
829692 844933
773194 521263
527831 282247
700550 569068
394372 792200
636653 255829
313413 688283
478374 959490
599551 491387
328 778969
164954 667957
464729 445390
910764 868884
780228 875377
565645 375955
896386 119979
419355 853755
582352 986156
768074 303800
796359 910036
131853 311507
372238 419245
234512 291870
5212 223276
16200 819425
984201 759370
668085 858072
44646 419813
921041 146784
836578 451822
329266 260215
848850 984803
278172 10225
548335 907495
337145 326453
182061 876493
873550 404080
901604 146522
459921 686933
636442 423909
95341 771212
702744 688225
756948 827825
936200 908785
512198 479556
142448 511119
282665 977492
895076 986127
648008 20830
797171 569542
836739 793121
541140 443806
140840 889356
599596 49030
101874 52947
876486 557256
913023 949271
841371 221131
922676 209212
598810 917108
713703 392384
436932 370789
153819 596452
584855 426254
212069 808573
997446 117973
360799 480829
621140 9300
413201 349387
816471 635196
738179 993255
213837 821752
491757 55336
88470 660242
6457 767542
18284 80926
560551 169519
910512 160919
422833 937413
477659 22504
6212 760952
756211 688149
897552 418355
544201 828693
749948 935826
723496 895274
927767 753468
414398 25510
375636 183007
628129 529371
389436 104887
10655 866443
827030 46460
906411 475600
402145 69322
964273 947107
566946 955465
365135 379766
200949 878761
345752 811593
589360 151430
695483 15380
684006 658183
83118 740969
678009 50708
477306 661093
983312 511399
337245 206203
724629 995063
274577 187831
402444 257932
963187 716768
529382 968746
551210 162565
947478 554447
63530 965975
834001 434081
247345 662539
155577 539695
194388 241940
960907 183274
842115 529903
748363 609997
269456 356000
425843 42617
762556 395912
740590 920130
569208 311022
700476 422493
929546 93943
692105 607386
45897 557687
32397 92813
457060 490678
271295 56613
813403 712276
90448 176263
481453 251217
982437 669127
353315 312959
499602 34692
711757 665981
667702 276887
167661 227412
273260 264031
59837 531094
928457 2459
448541 760938
874973 21121
901431 758957
258231 5279
482589 66212
817854 930774
567050 307125
478210 440934
1 1
234234 234234
2000 3000
55000 50000