1 10
100 200
201 210
900 1000
8 9
5 2
5 5
5 3
5 5
3 8
2 4
1 2
3 3
8 5
53 31
32 78
33 72
24 84
98 86
36 82
73 51
90 82
49 60
98 59
82 15
64 96
34 70
72 65
75 41
65 76
54 61
44 20
19 57
60 86
68 60
98 60
53 86
34 40
19 98
11 51
77 93
29 10
16 38
16 87
67 85
39 33
10 54
92 72
61 69
13 72
36 17
85 84
26 29
54 58
22 23
55 75
75 87
96 96
81 54
96 57
84 49
45 82
10 43
68 90
46 83
60 49
32 63
94 23
57 98
21 32
76 62
95 40
38 81
81 11
97 98
52 51
28 88
75 66
95 43
43 94
51 11
95 68
68 99
55 42
65 25
96 99
87 88
81 36
29 68
61 21
89 76
87 58
84 65
88 22
57 55
56 42
57 64
18 58
93 72
35 56
41 75
44 57
99 21
21 42
18 81
71 36
74 56
98 83
93 70
37 15
26 42
86 11
47 20
68 30
64 23
48 39
50 59
15 32
95 82
16 31
38 24
89 25
13 36
59 25
43 86
21 28
68 93
31 67
93 31
18 28
42 53
90 18
81 66
87 57
10 79
14 80
47 64
97 58
62 67
34 78
33 54
14 64
73 89
34 31
44 75
87 62
37 15
82 69
38 13
49 82
20 47
96 31
63 98
54 97
