1 10
100 200
201 210
900 1000
10 1
10 10
1 10000
2500 2499
1234 12330
1 99999
99999 99998
9892 1966
2689 8420
4474 6107
554 2597
8240 4630
7123 6294
5365 3573
9204 634
733 1624
412 5665
4286 1973
356 6533
9092 5918
7930 3892
5230 602
4312 2090
1906 5652
3648 1265
1315 6020
4506 6085
5001 5380
820 4109
3421 1408
8656 2847
8174 4080
4146 9592
6395 1492
6316 4648
259 5500
8611 4596
5507 2800
9229 9414
976 218
6379 6842
6947 5494
999 471
5781 4569
9776 3276
5832 8509
1821 1895
2806 6932
9536 5838
7554 3822
5085 4929
8691 9144
2647 9897
852 4684
779 5447
6380 7210
3628 2205
48526 25698
57207 20674
10192 94378
50613 87700
87119 83893
27800 93564
87466 98738
73195 86424
40631 14252
46882 93908
43598 19019
41571 10800
36549 28262
53944 16284
17786 73085
92795 88241
76611 38410
89914 54749
23599 29272
89231 38359
56984 87659
31378 63795
87811 38421
50820 12805
12362 53148
38562 48958
25140 33217
96542 15146
75921 94385
14107 94301
26908 47026
40106 28612
82579 37090
92744 18380
46521 55514
80146 42088
48790 37641
54351 78923
76026 80195
77860 77068
19868 66409
97691 61598
37729 89730
74650 28508
43264 36086
73447 38772
98594 61002
44992 64860
33431 36586
89740 49298
921312 234563
798370 344790
446609 718316
500382 746487
908195 722569
422518 702187
358451 597023
617524 160925
682556 488346
964115 892520
429473 826032
642829 976959
397294 199963
967892 107800
664559 987772
734477 768307
203316 994013
342895 550647
656775 249713
201780 764078
683612 684769
251491 632709
173408 905621
995090 119046
432302 554989
158132 458609
242811 875132
758212 799998
306716 268188
422954 351966
988862 842040
746185 266989
925023 132040
758788 157085
394509 486791
645419 967052
494205 180773
343946 213994
438608 783684
169656 810655
458317 499978
744612 478442
886431 302410
383330 358752
513257 142611
359629 526216
518813 194782
651460 285977
737631 567230
405680 830179
