10 1
200 100
210 201
1000 900
1 10
100 200
201 210
900 1000
2 2
2 3
1 1
2 2
3 3
5 5
10 10
17 17
1 3 
2 3
100 101
101 102
102 103
67 68
1500 2007
234 534
345 2356
123 234
234 345
345 456
456 567
567 678
678 789
789 890
890 901
901 1012
2 6
175 199
168 172
2 4
2 7
2 8
4 8
4 15
4 16
8 16
8 27
8 28
16 28
16 255
16 256
28 256
28 447
28 448
256 448
256 639
256 640
448 640
448 703
448 704
640 704
640 1819
640 1820
704 1820
704 4255
704 4256
1820 4256
1820 4591
1820 4592
1 2
1 3
1 6
1 7
1 9
1 18
1 25
1 27
1 54
1 73
1 97
1 129
1 171
1 231
1 313
1 327
1 649
1 703
1 871
1 1161
1 2223
1 2463
1 2919
1 3711
1 6171
1 999
1 1000
1 1001
2423 5687
2331 4675
1234 7877
324 345
635 866
454 878
343 080
234 457
123 785
3434 65746
24234 56754
4645 34354
7675 7676
14235 37643
999 1000
999 1001
999 2001
1001 1002
586632 598576
231312 124123
124123 231312
123131 245355
13434 314465
2312 253446
3425 324453
543 657545
64565 546355
32423 567565
999999 1000000
1 500000
1 1000000
