1 10

100 200
201 210
900 1000
8292 1370
8489 3223
2339 146
2587 9900
1103 7708
9309 2141
688 8297
7208 7918
8435 5453
2 6269
4661 8505
5001 8008
2130 9646
953 249
3712 8595
5393 2798
7850 4044
7271 7151
8305 6816
7537 3310
1102 8028
7967 4598
4886 2441
9734 5284
4665 7173
8190 4909
5379 193
2618 6709
4537 9122
4612 7090
7650 3861
5533 9790
6290 9061
1784 125
7633 4337
4958 565
4983 3316
1984 906
9242 1995
1318 5891
2695 8995
2442 570
8220 5957
6971 4604
4360 3069
6672 2640
5126 2759
410 2802
1689 3083
5863 6606
1444 3375
1299 3220
8099 3855
8077 6923
1571 1042
6652 8909
6162 4342
2778 1963
5515 21
6998 4180
4846 6703
6089 3161
9714 4841
7888 3451
9848 3274
7103 7357
6207 4924
915 2122
5425 748
8546 4987
819 9025
9108 702
1033 7383
4224 4386
9317 3649
8944 1105
7425 4496
2206 8647
8480 9922
6089 8618
1919 2784
8429 6961
6693 5282
585 4969
70 967
8036 8213
6959 4605
5886 1802
2274 1533
2589 8637
2380 8192
3279 54
541 3932
2010 68
8461 2613
6937 2038
6999 4340
209 6651
5113 3000
5996 7299
7430 3743
406 743
3498 4477
6631 4538
4102 2702
6244 4015
7464 6844
2785 873
4518 3821
5969 9761
7548 1301
4843 1202
4294 5765
5986 1867
293 1113
8630 2519
3541 8899
3492 4242
2446 8374
300 300
1 1
962959 695766
978403 933465
90315 859713
58995 513695
893143 156539
67751 457141
270158 355664
159339 262822
630765 779429
435780 330446
649119 95987
205846 30020
932130 159099
647057 690641
624456 137733
560054 856260
273303 61674
653720 748918
426231 588715
219870 285057
753320 20959
561080 86519
276918 735694
592743 734236
360797 538151
892015 7154
718981 35584
591089 627367
673249 747186
444960 249841
851647 31839
857926 355921
75671 630078
540524 512291
179317 563407
468819 985638
889582 200028
496728 874749
933416 708313
429949 553720
