1 10
100 200
201 210
900 1000
999 1001
1 1
999999 999998
2 1
1 2
999 1000
190257 346232
845447 779630
410211 511504
571851 98614
955122 35309
854634 357243
407668 984677
638079 545937
185517 633978
190022 591841
472953 497651
621823 786998
346672 693310
556321 931675
964300 425529
672575 549998
181086 400581
18778 926077
499672 182375
574920 520689
391335 749894
720532 826375
276315 154482
783858 437253
220635 753498
898998 991372
327926 973796
86539 611716
558162 138749
225879 566246
554920 468136
421654 443305
580449 610355
661462 157890
664627 927657
59537 74154
967678 855724
103449 278704
711055 850871
85496 816771
757512 659865
911733 694037
730381 172134
887421 29837
329993 967103
906842 218761
962988 116904
511040 618764
357004 969771
110499 674545
430206 142057
876076 580790
625976 858417
157994 887710
510082 331800
622342 790083
195463 682534
525969 625588
748185 842152
223873 214588
8844 170570
428300 141127
447457 302584
303769 331137
833717 218594
88522 811990
89245 985711
158659 311530
961681 231757
571670 588607
459640 458067
631100 133008
601852 801634
893287 864487
918050 852975
92668 18129
146126 655504
195298 619221
593642 748506
29585 637935
613990 596888
828740 985891
164676 842901
767583 271591
740271 923018
551672 159690
663694 784496
36010 5389
549971 946399
99968 600727
993433 708399
919106 550881
417565 984490
779328 96917
358259 563358
463484 330177
50122 48624
577030 474149
16088 724667
859573 415126
117483 730334
223975 849227
489185 758210
439186 534899
985058 823204
663899 109481
719685 871650
495954 696842
931247 296224
100572 124329
755534 934913
974845 63751
93002 958363
253138 431170
99811 642270
338099 369465
360627 886355
770178 152024
186344 634088
661140 995302
75612 519533
672546 761359
216257 366810
641427 83777
979050 857769
683412 318176
734852 569433
283274 646989
205311 820588
379003 96856
196697 573494
719457 164926
859340 818650
226094 903335
875849 442823
525636 63427
73365 27007
37419 949569
132456 485230
149614 770989
561555 342264
623094 767962
847997 922196
2551 212370
559780 538373
414122 737264
629972 846262
427118 686475
371234 839957
166286 915744
