1894 1196
1370 1515
2954 91
41 1746
300 1886
1985 322
2781 867
1493 2277
1429 2451
710 2343
2519 526
2144 900
1383 2724
2315 2560
2660 2666
658 2029
93 608
2419 1593
1102 2810
419 1672
1869 535
2342 914
1792 2990
857 115
1106 2407
1767 1899
883 153
1393 606
1640 2008
1225 1269
2330 2933
1182 2486
2435 112
1942 2175
832 713
2501 669
972 2363
1334 627
1755 497
1062 1784
1983 1307
118 1945
1586 2782
271 1609
1982 2063
2288 1219
2651 2488
1498 175
1886 928
2320 513
791 2957
496 2746
863 985
446 736
2171 1040
1316 2849
140 1139
2408 221
359 1795
1509 1506
1086 2679
1178 1205
1252 325
1556 1614
1318 1899
1469 74
1245 2442
2051 2031
2360 490
248 841
1380 2882
1174 1104
2573 219
2196 2488
316 967
577 1705
2453 2320
1311 2465
1665 978
749 615
768 2129
966 2334
2648 773
1709 263
2436 1791
1118 2895
227 224
2078 2058
2719 2514
419 109
873 1812
1642 68
2604 477
1200 1972
1736 2463
1322 843
1356 1525
283 531
2611 1540
244 2762
1694 118
1653 481
2993 37
1988 1454
47 1495
552 248
2409 762
379 1041
2051 915
1589 2272
1565 2363
615 687
2024 96
2667 2580
567 2321
1933 74
325 2185
2525 644
2080 203
2909 1182
2874 162
2789 161
2717 1191
1812 2890
2597 2944
2065 1986
455 2444
2926 280
1999 2443
1053 90
2370 1392
998 1685
890 2128
1437 2592
1567 2485
2409 723
712 1636
1436 2689
820 1077
1628 650
1488 1024
206 1558
1514 510
2496 182
484 530
1616 1610
2281 474
1121 1484
2343 2874
461 2355
2564 1213
2000 356
975 2550
1790 208
1772 211
1195 2405
1156 423
987 2043
954 1937
69 2326
2935 2019
2657 1970
2552 1246
542 1398
2727 424
92 1743
1680 1831
2326 2738
611 768
2246 1836
1021 992
936 1947
1766 1747
1037 1087
553 1359
594 2911
510 669
2093 1568
325 493
775 2265
2039 743
1456 1120
581 238
1163 2527
216 2770
695 2521
135 507
1102 15
751 1932
832 1623
334 799
796 2385
64 2061
1912 1516
1428 797
783 1509
600 2294
148 428
576 583
2142 1865
