1 10
100 200
201 210
900 1000
878 2670
2138 974
480 1068
699 279
435 2349
362 1192
1472 1147
1521 2008
333 2816
153 2498
2657 2252
1285 1220
2880 898
980 2336
607 1059
1541 496
1966 2972
1620 456
1400 2089
670 2803
2368 2781
970 2680
2525 130
2707 1718
721 2155
1252 810
1562 1805
2961 1563
2458 2696
2143 733
995 2475
1067 209
2557 2808
2761 52
2000 2444
2075 2094
2269 2152
511 1832
721 676
2505 2664
1810 1289
63 2439
2732 1078
2287 1890
864 949
774 2738
1958 1217
2318 2533
1526 1057
795 1449
1780 2828
2381 1044
85 804
881 1843
1355 875
745 1873
404 1576
2093 2430
1678 1870
789 1494
2168 225
1420 944
800 1490
2336 2239
2040 2706
1189 708
24 1829
300 1157
948 1870
404 1212
1362 1992
2765 2715
885 1927
2145 2790
2749 495
1577 2744
1247 1906
1773 957
1225 528
2973 2376
1844 2504
2390 1629
2924 2552
888 2318
1348 418
1645 153
2762 632
1251 823
1775 883
1215 670
2559 2868
2781 2273
2754 659
1540 1243
2078 2991
281 500
37 1549
64 386
2616 249
2830 902
1826 374
386 318
2949 1021
2903 2972
2452 462
1643 1473
649 1779
450 465
1776 1740
1742 219
1887 1132
633 491
1937 442
1337 54
2143 1166
1858 2048
2250 77
1453 323
1008 1419
447 2995
856 991
2776 2438
1506 2661
1686 1862
1788 2562
299 726
685 571
2638 2632
2334 800
916 421
1595 61
1152 475
984 753
834 232
50 2224
2001 1424
2740 227
672 2514
1391 120
789 2566
810 2022
2592 2496
846 1858
2035 797
737 239
1211 742
545 239
2398 907
1618 492
1952 2954
