35531 45569
7103 58417
2618 72467
38422 6870
66196 47452
19768 58421
70008 62910
37967 35453
39915 58771
11573 45457
54888 47642
30421 43492
25882 67051
68236 65357
44193 73378
21449 7036
32543 17601
51143 39698
38540 60773
67517 3483
42105 63033
39855 33689
21043 9236
31959 40021
28278 30961
2079 66380
45089 31538
69766 57016
50754 36973
46262 64852
72632 45166
25313 56114
29249 72644
16564 51270
23984 15653
63483 47713
40769 75191
63078 19174
39882 47175
2892 75118
41646 63937
14431 13710
74079 9246
27337 51391
70748 23173
40309 21602
69086 54378
19713 56797
44689 26627
72693 53489
24764 61088
14169 45454
46898 57229
72067 7190
34960 14873
50934 25324
50276 17157
39770 38880
46413 62944
23566 41231
63880 580
41016 65662
49089 65752
61929 63232
46225 52225
31151 53919
11510 44662
25765 7930
44690 46694
72966 71419
10934 30658
36836 34657
27093 74758
18322 18241
14177 4986
43092 40212
3916 58687
62366 74851
45874 591
37014 68819
57374 51623
2460 72385
31585 69787
51604 8369
3010 2299
64877 31975
63919 63527
23670 56780
11716 72720
24818 4173
68696 46441
55059 21012
4993 26888
7565 34578
72748 33300
3231 1247
23022 8343
38970 68972
16214 62743
36280 190
32806 34048
14732 43172
20020 37005
651 50294
22584 64534
41767 34239
51633 57796
5053 53085
55844 71291
62412 1479
52341 1084
4455 12613
58371 36151
12645 17736
67893 11216
57855 72037
32262 33985
68481 42716
34224 19804
65718 47661
333 333
87382 87382
1 1
9909 9909
289383 289383
