37 773
555 841
1 824
763 885
992 995
270 431
319 556
734 930
185 327
672 942
833 840
214 681
668 955
406 423
774 951
487 576
650 737
308 581
45 443
698 853
470 833
619 833
142 761
786 852
247 952
972 984
165 400
828 942
566 588
171 877
3 920
623 670
336 774
374 429
96 319
129 422
498 665
693 806
205 364
238 861
228 854
396 471
380 487
498 793
564 612
364 977
21 800
959 965
81 103
775 988
581 739
305 921
224 275
955 993
713 828
826 901
514 941
388 482
882 947
882 939
887 914
864 996
518 759
907 937
719 843
391 805
842 843
155 487
533 739
653 854
8434 8635
855 7336
3953 5172
9427 9621
8073 9534
2080 8414
2066 9342
5518 7638
9791 9966
6027 9463
174 6077
6246 6764
9939 9961
7419 9646
5990 9096
5318 5977
1205 6263
1830 9909
8801 9138
7809 9970
6296 7375
1609 8194
5833 9247
2232 5261
2619 4849
8139 8683
133 921
9191 9462
9665 9676
2236 5265
474350 766975
471202 680368
856686 960353
784571 936568
600691 831610
843395 999999
419607 712116
717689 905331
59481 525676
294054 870129
