291 694
497 649
438 559
250 415
286 497
286 462
898 985
423 957
782 820
594 965
700 990
111 578
646 991
40 978
325 869
43 885
616 855
966 1000
521 813
172 217
411 465
777 938
853 923
179 459
102 620
582 747
859 971
855 868
613 888
622 667
343 972
837 910
891 989
294 495
751 820
360 520
636 789
218 492
94 587
884 953
770 877
503 785
993 996
529 546
380 564
455 563
688 873
480 913
279 446
3 472
80 939
512 520
557 743
352 703
403 471
813 958
72 943
583 848
821 929
471 868
352 655
398 576
798 954
706 943
89 770
522 677
948 994
246 731
5 351
123 263
224 854
205 334
677 902
205 732
983 987
413 448
212 910
393 484
243 537
485 631
86 543
939 942
827 905
916 968
543 547
902 945
803 848
396 766
103 170
207 407
15 482
19 324
833 914
540 746
999 1000
199 563
986 991
986 999
480 637
281 850
768 851
144 883
723 746
757 809
289 581
730 920
319 766
647 907
772 776
921 992
742 956
114 889
617 800
342 449
937 954
502 931
606 771
248 938
710 712
356 514
723 987
484 992
317 791
281 430
733 936
178 477
237 295
239 440
594 641
685 702
358 499
260 999
710 754
123 245
813 923
946 976
949 967
751 817
315 817
663 954
217 878
75 747
643 887
988 994
448 509
584 814
118 243
104 195
460 966
726 820
424 637
389 678
284 376
141 433
275 372
259 951
503 856
215 389
423 857
51 802
79 774
612 947
385 856
156 845
596 947
65 182
197 967
710 816
420 558
439 531
643 762
503 949
277 354
959 974
461 836
403 996
200 302
59 339
816 866
332 782
710 872
162 569
677 861
878 906
977 979
877 997
432 546
338 421
149 163
139 997
195 864
486 686
914 990
59 517
421 631
664 963
579 899
988 998
103 795
51 694
803181 976077
985954 989878
873197 930620
832934 913418
830473 838754
823452 879574
910541 915782
981496 987524
877409 932910
966465 967300
878973 931609
823667 834176
854633 927081
975775 983225
836597 889868
967437 970546
872074 994965
844002 855870
897856 956873
844693 874742
