1 10
100 200
201 210
900 1000
10 1
10 10
5 6
414362 295955
307672 461771
567120 930774
990879 288854
564354 586681
369385 419197
228860 581788
975893 402271
470605 207578
858086 110368
763443 882790
360768 516189
794789 337936
622079 654523
27773 547047
665332 502873
959935 961401
848573 117924
28874 257270
12224 27336
115481 787251
941444 170243
94582 863434
308972 342614
415997 875422
927056 252054
713 878972
242553 13343
218621 602205
624313 393191
785521 12040
201445 108208
615734 168020
321201 97623
836168 48651
922918 120202
87247 793898
383874 768087
28690 50502
553004 697439
98169 284232
917202 186409
67197 227161
970401 98387
527726 243801
597024 422563
64480 270536
458601 530043
818867 433223
568966 217195
829822 884601
899492 634913
955096 749060
438262 454715
925890 631156
343081 855037
164980 874878
296767 899486
614466 273633
44107 635197
990059 847080
376712 386673
375039 769677
480405 420733
419754 298935
604113 824930
783712 331812
473167 125583
493543 747298
605814 401716
588732 557880
114296 917556
610531 321697
921261 837689
491150 115768
23883 236577
724969 346991
140484 657174
887680 812665
814396 448891
636366 374856
603814 886146
793315 295664
191802 310298
253616 557483
56597 672710
896882 125110
239020 567433
285689 302360
138542 85373
330197 207426
265590 850371
403868 724818
349418 991573
533337 486130
745843 874104
847380 459677
465049 976205
755322 282050
187450 485125
474729 727552
562278 209076
303258 250962
698010 236799
151148 144260
617943 641456
901897 352931
46943 51304
550583 761204
207692 569332
399613 280730
165197 393656
482415 958811
790909 54151
255001 75324
554849 161941
205508 519368
331902 770116
987495 388528
739733 99674
949421 128908
154685 27412
392735 315135
408283 9299
758063 170041
790655 500469
942688 761303
712926 904959
104020 281957
952040 78902
577332 130179
700934 220941
989878 128037
1970 510968
205454 37492
753394 138207
939507 836370
747378 26990
162572 779387
704445 647177
406647 920454
106904 162973
527798 257291
492603 154450
554039 184351
710317 504156
642239 706683
890811 123441
180338 960251
169812 482261
