1830 3132
9350 1527
930 6380
1022 4688
9876 1829
9628 701
8388 1467
73 4249
2305 8721
2155 8198
5960 1523
8124 8111
4115 706
4672 3328
5042 373
6060 8009
2903 8333
2649 3561
2938 882
3706 2604
3676 2311
7295 4721
485 3414
42 9762
3680 2699
994 9587
9126 7889
6148 289
9177 5147
8507 1388
8389 3866
4158 2819
1238 90
7782 6645
6715 8098
9114 5186
9253 2294
4485 482
260 3972
4921 4235
9622 886
2668 2809
5652 8645
5432 6350
6280 7189
5188 7616
4445 8225
1743 9380
5320 6294
877 2913
1458 823
8630 5193
6550 9666
6835 3768
3028 8528
3062 4861
2862 6638
5389 9055
9290 3694
1670 4389
5050 6820
3572 975
360 2734
6726 5632
409 6460
4560 7290
6880 5054
8121 2960
9805 6155
1045 7602
7042 7799
3500 559
4872 3453
1892 9944
2608 2449
4763 1002
2168 6250
4000 2481
4695 9709
8072 2539
7384 729
5381 4145
1581 122
8745 8420
8589 38
813 7178
8946 5591
1805 4036
9168 8980
8171 586
1949 7501
1971 122
12 4730
2533 1352
6760 6425
936 7499
5729 5254
8763 2170
361 7733
5525 9735
9309 996
4616 3852
4149 456
7718 4949
542 6249
4331 8880
3729 714
8625 8103
2346 5073
7099 6748
3855 5705
2930 7870
7150 5716
4411 8444
7686 9869
3128 3116
5623 3806
1264 7387
2169 814
2949 2412
2596 9013
3875 5635
8190 6687
94 7166
9400 9781
5473 506
8810 9719
3633 6229
491 7918
6078 153
4732 6469
380 3055
8715 2987
1496 851
3143 4306
7265 6119
7621 8107
855 975
5909 5898
2077 7317
3768 8462
3605 5433
4915 9368
2899 6185
3058 7277
7600 5618
2276 1728
1834 9664
6665 6288
