1 1
21 40
31 50
41 60
51 70
61 80
71 90
81 100
91 110
101 120
111 130
121 140
131 150
141 160
151 170
161 180
171 190
181 200
191 210
201 220
211 230
221 240
231 250
241 260
251 270
261 280
271 290
281 300
291 310
301 320
311 330
1001 1050
1026 1075
1051 1100
1076 1125
1101 1150
1126 1175
1151 1200
1176 1225
1201 1250
1226 1275
1251 1300
1276 1325
1301 1350
1326 1375
1351 1400
1376 1425
1401 1450
1426 1475
1451 1500
1476 1525
1501 1550
1526 1575
1551 1600
1576 1625
1601 1650
1626 1675
1651 1700
1676 1725
1701 1750
1726 1775
1 100
51 150
101 200
151 250
201 300
251 350
301 400
351 450
401 500
451 550
501 600
551 650
601 700
651 750
701 800
751 850
801 900
851 950
901 1000
951 1050
1001 1100
1051 1150
1101 1200
1151 1250
1201 1300
1251 1350
1301 1400
1351 1450
1401 1500
1451 1550
1 1000
101 1100
201 1200
301 1300
401 1400
501 1500
601 1600
701 1700
801 1800
901 1900
1001 2000
1101 2100
1201 2200
1301 2300
1401 2400
1501 2500
1601 2600
1701 2700
1801 2800
1901 2900
2001 3000
2101 3100
2201 3200
2301 3300
2401 3400
2501 3500
2601 3600
2701 3700
2801 3800
2901 3900
