1 10
100 200
201 210
900 1000
1 1
20 10
1 2
3 4
10 100
20 35
90 20
15 45
50 50
99 98
100 101
1000 1100
1000 1
90 100
20 89
75 200
101 1000
9000 925
101 110
45 54
2 6
1 11
11 21
21 51
99 100
500 700
900 78
7 7
41 23
17 6
7 8
23 32
600 500
999 1000
5000 8000
9999 1111
89 98
107 701
801 108
1 1000
90 9000
3000 3010
5000 5000
25 2500
78 79 
90 91
800 850
950 940
841 148
2 200
156 651
781 1000
9999 8888
1010 2020
33 11
1 5
78 100
98 99
67 90
100 500
800 850
500 1000
1001 1400
1700 2500
6600 8800
9999 2121
5454 3333
1919 19
10 1
21 11
777 7512
8120 1212
9090 9999
1 9999
8989 8
1231 2342
2131 1243
5142 5 
1 100
100 9999
2500 25
2384 9879
9201 7
78 87
6 7
5 9
9829 10
1 500 
500 1000
2 499
999 800
77 777
1092 9012
9090 1011
7777 7778
1111 1111
400 299
501 602
780 807
