1 10
100 200
201 210
900 1000
10 1
200 100
210 201
1000 900
1 1
777777 777777
500000 500000
128 128
127 127
483315 483315
917962 917962
63178 63178
733514 733514
173448 173448
219159 219159
9717 9717
999999 999999
222222 222222
999999 1
2 1
3 1
128 64
256 128
512 256
1024 512
2048 1024
4096 2048
8192 4096
16384 32767
32768 65535
432700 219930
354550 182372
838250 101634
253300 487556
988900 71458
940822 731880
725272 721442
968022 401214
252542 98758
543084 543080
884324 508392
456484 377874
526384 557076
707064 37228
69056 560280
688506 289232
834596 620704
987196 871456
996216 393398
293068 95750
479408 693412
654208 400664
888888 666666
888888 999998
432701 219931
354551 182373
838251 101635
253301 487557
988901 71459
940823 731881
725273 721443
968023 401215
252543 98759
543085 543081
884325 508393
456485 377875
526385 557077
707065 37229
69057 560281
688507 289233
834597 620705
987197 871457
996217 393399
293069 95751
479409 693413
654209 400665
888889 666667
888889 999999
40180 47381
204850 384713
283000 293885
102930 393847
102830 582059
100002 100001
100002 100003
403022 294825
193572 48397
1022 293849
9274 1731
49574 102943
102994 102935
574834 78467
444444 13579
278116 494851
602286 124533
257896 357897
229966 950677
666666 999999
295568 327641
781368 182503
482008 772415
875218 639057
658348 723419
40181 47380
204851 384712
283001 293884
102931 393846
102831 582058
100003 100000
100003 100002
403023 294824
193573 48396
1023 293848
9275 1730
49575 102942
102995 102954
574835 78466
444445 13578
278117 494850
602287 124532
257897 357894
229967 950676
666667 999998
295569 327640
781369 182502
482009 772414
875219 639056
658349 723418
1 10284
1 48493
1 48203
1 10
1 101
49557 1
30475 1
305859 1
20392 1
101 1
11111 22222
33333 44444
55555 66666
77777 88888
99999 100000
999999 111111
888888 222222
777777 333333
666666 444444
555555 555555
