1 10
100 200
201 210
900 1000
999999 999999
999998 999999
89 1
582 5
248 275
190 972
431 628
573 1
524 888
874 522
798 318
540 931
869 614
720 408
746 16
877 845
5 592
751 570
223 487
282 198
793 990
844 878
792 856
973 656
338 277
887 772
598 801
72 758
857 921
858 227
556 216
810 544
935 244
434 908
128 922
938 405
131 60
639 734
581 610
767 491
107 981
451 962
26 629
240 994
605 710
917 750
558 174
645 355
352 348
564 921
807 41
857 513
672 869
535 379
506 687
405 794
292 745
212 973
693 208
70 225
510 240
697 662
908 611
92 822
978 618
210 262
69 704
123 499
112 915
11 172
447 968
191 850
286 747
679 107
691 619
227 85
332 536
513 911
660 54
141 809
76 124
255 959
183 91
543 569
331 139
488 175
421 645
801 133
437 403
499 103
835 439
955 798
94 770
217 760
932 469
974 327
980 973
73 756
14 244
253 45
624 131
450 746
826 532
634 629
123 677
581 463
987 764
2 239
401 967
169 477
844 885
671 66
701 407
641 352
362 490
419 855
89 949
570 26
859 264
462 229
525 793
335 181
366 459
551 413
787 619
296 861
390 20
443 237
972 435
68 119
447 86
637 5
776 542
68 424
338 44
482 715
109 755
258 619
663 840
608 375
846 865
836 670
556 504
613 111
540 873
848 872
349 887
433 535
770 125
780 386
925 992
537 475
540 450
