1 10
100 200
201 210
900 1000
4239 7753
1390 729
7466 8805
9090 3584
6845 262
9787 4288
1401 3208
1461 7155
9220 5388
3921 2097
1647 4580
9159 7121
1611 652
8322 8821
1224 3861
1130 9835
3780 2784
4787 9188
2686 6035
613 2973
8928 7283
7618 1946
5933 5171
5212 1013
3751 3977
765 4218
6662 33
9994 4275
6525 4666
1551 7937
9432 6547
3092 7239
9208 8110
6311 4145
4033 2549
8353 6668
210 783
3370 4932
4036 1810
1017 8844
220 1550
9439 1460
4476 4210
8409 1312
1540 5942
468 7284
9449 5244
218 1174
5092 12
7558 170
4134 8768
1364 6173
8337 3536
3378 8216
8539 1739
9594 8880
9306 5846
4681 4131
576 2974
5947 4723
9351 6602
4014 8036
5354 2848
9027 9513
6265 1659
9917 7860
7471 8599
7626 4406
7020 3771
8992 5063
478 4080
2647 2751
1368 9436
1984 6610
9022 1106
3539 903
7410 9723
9156 3793
8695 5081
3829 9087
5380 9125
3640 8478
2019 915
9549 6748
2734 1715
8478 4956
269 8735
4759 3653
8139 3894
963 537
2473 729
1039 4152
6500 6542
9393 6453
7234 137
5636 540
9161 3815
933 658
6212 4002
3376 6167
197 2034
127 6408
7463 1048
325 1711
6861 2578
2113 910
9772 6586
7386 1113
7342 4814
5262 8693
9471 7562
6849 793
3129 7341
5504 5025
2581 5969
1032 9517
6587 9969
2460 2023
6850 4473
8735 7098
3153 4270
1634 1686
6102 5752
5817 4417
5536 7501
5070 2711
8637 7199
5915 8738
845 4138
2544 6531
9212 2365
2552 4309
557 8023
5297 5378
1548 2680
620 9199
4069 4517
2848 1810
1797 5834
5553 4765
5800 2922
2880 983
686 2348
4621 8253
5670 490
8605 6345
1101 4306
1497 9259
3460 1218
5030 9430
5606 7942
5409 9312
6439 1772
3597 7848
6569 5242
9735 1989
8850 9648
8774 1675
1525 6247
233 1631
8120 4041
4356 7899
1930 4836
465 1406
8459 3320
3969 8882
8029 5791
2915 6169
3286 3687
3148 2150
3868 2200
9295 4189
9789 2381
5835 7870
6876 7281
4053 5040
8945 897
4605 4981
8022 639
3122 3169
2512 3314
8526 934
820 8689
3642 3467
7637 4879
3555 8318
8495 423
3401 9395
1458 2180
160 2526
9798 3521
9143 9374
1882 9521
8697 7139
