1 10
100 200
201 210
900 1000
124004 439532
514480 437426
162487 45742
164814 788745
106207 214972
3302 912094
607261 879902
158140 65608
311944 121434
60458 865843
621056 997267
252814 312187
779920 421937
352180 669143
963474 309330
16949 407391
512799 256348
781685 221704
890947 769523
541422 906893
250938 642818
631032 463533
516494 290954
285177 681818
630693 146771
698571 42101
311298 364232
227344 248169
632182 631659
148628 250206
599748 715787
314032 131286
732611 14271
152164 276979
483985 824341
361975 728324
961552 422979
609255 191862
885636 366401
966291 109531
616017 25259
134192 555398
616830 439890
338343 578857
412206 401201
647088 949501
999840 760457
361212 911706
2619 223858
358765 746296
838006 316590
293919 400542
699745 513116
16354 887696
485136 83492
640643 638391
961065 476596
533641 709778
583691 651172
842221 832323
631624 873261
423746 135281
851387 605665
239255 232365
380056 606115
570913 615021
849822 100478
546893 265645
550028 485045
962690 614083
400540 205262
546455 89930
145837 812385
272233 147353
162163 354850
683152 487174
241411 856241
939722 926970
629534 341041
968023 148340
354620 501711
403130 880873
564962 601826
341879 160517
101797 817247
531844 522570
197485 178786
122959 580502
135308 678263
739887 406669
904973 203682
707114 475085
107183 638953
183224 936885
871746 812844
579858 784120
493787 969064
449024 589752
262225 558437
452858 796126
617408 746793
967016 433716
675390 146168
268933 752307
388874 335613
577132 815135
813984 714503
339807 146435
842374 950712
922955 872159
506038 999995
478699 869091
339268 264204
535697 90938
413737 639241
308687 91561
226131 887788
869185 55019
209013 148091
401567 316902
868866 552011
687293 446699
978592 789765
996895 533825
595608 435056
277922 895868
346430 838001
670381 713471
114950 361484
725739 173291
272090 431501
504664 875478
656753 430434
68919 635622
383942 552095
358604 915381
405351 680236
373402 660620
768265 623582
404533 746461
510703 719116
206672 461237
995364 357768
151980 953131
802928 714093
677762 487335
476788 206425
628901 877595
633266 409667
950598 912930
