1 10
100 200
201 210
900 1000
80 20
500 68
67 34
122 344
90 111
785 3298
10928 2
289 182
111 111
878 1229
893 2348
128 12849
523 523
389 238
5 4
787 438
55 34
34 576
11 3
143 678
576 1289
3948 56784
34 47893
785 53
213 487
3748 3478
1278 32
3298 4378
23439 12498
12 289
1243 17
75489 574
54 37489
5667 5667
3478 57845
2378 54789
4365 439
23789 34
5849 32783
343 343
1928 4738
5983 6507
2379 56475
9876 5478
3478 6589
27388 3489
2395 5789
98754 45789 
43792 5849 
5459 4657
549 10
2 5
6 8
10 1
1 1 
23 23
329 54
230 23
12234 54
2389 65
78953 589
348 345
3485 348
678 6894
6984 347
78594 34
8657 698
549 230
9865 12
8574 123
6890 53
7654 89
2453 75
789 98
879 65
5654 6549
453 786
654 898
67 459
908 78
3456 54
7689 56
34567 54
193 187
578 578
8764 58
589 45
9864 23
678 689
67 67
74 74
89 89
986 986
565 786
378 98 
5478 5478
896 896
284 689
3847 98
1001 23
99234 734
12 99998
1298 43
6895 549
7546 7546
869 689
238 238
1 100000
50000 25
30 75000
12 12
54 89
26 68
98 45
546 578
239 127
66181 14958
35104 54142
51000 20971
29166 27579
44056 92333
67428 25863
9974 68945
82477 54801
87461 43401
82816 69855
62859 57640
74321 52182
17368 56586
92269 41944
78706 68035
26274 13769
31011 52354
3934 92697
16960 96840
40508 6297
71889 89128
68738 18290
90038 24127
47630 87213
43767 49678
437 3489
29348 34
958 27
58 3489
99999 99999
105458 238478
987465 293576 
298476 239179
909827 128475
128985 345754
565764 384827
238576 764587
654787 687545
458678 458734
298478 458120
784987 2
20 898789
829 579982
567623 783657
892376 123456
123456 123456
987654 100000
129854 209834
687238 239756
564365 674364
872654 287987
128567 456809
347567 239867
987678 567465
185737 195693
185934 195743
454645 478746
396874 398576
982756 384686
50000 823758
589486 348964
876498 435768
473867 498576
2010 2983
2020 2020
982708 438
378943 358934
768347 732962
987346 127847
234875 347857
997326 992637
1 999999
999999 1
348389 348389
238578 876345
128 74893
983 4738
2839 489
21387 53
999998 999998
