1 10
100 200
201 210
900 1000
152709 962425
2649 694891
934889 973901
326973 370121
588275 606343
233016 769292
426010 933178
356482 982230
4955 688846
461898 918046
718597 974818
132681 971780
180905 200249
779967 785262
940120 957346
207257 612614
1628 39623
821650 995911
452801 493998
393136 817988
754931 811431
890966 994024
604654 905776
726698 982564
641648 799245
275479 341350
672229 923618
199142 628686
581159 602215
20423 198906
27865 673358
959076 999135
376537 629077
554938 886083
558809 937356
360890 444852
788329 822271
537991 799564
836485 984905
929525 965818
330290 495482
941978 999632
346976 994428
96703 489018
84479 124462
326495 372107
341431 639446
979423 992896
196446 861517
363432 847833
730932 874327
996237 999087
838958 972567
549500 727944
961561 965333
178671 983986
298893 605006
591260 874378
819209 996625
187239 870742
151164 261759
328173 512094
504828 889057
667160 846525
675395 788225
709466 863240
304847 918437
399369 996591
593883 668791
901056 982337
971611 988671
654815 968104
840030 955566
679939 738409
838960 995590
385938 787437
463983 769265
415080 936201
790966 888869
126845 144434
711863 904900
979336 993750
108216 764273
505798 694367
679275 736776
656354 790061
179536 409402
772296 964499
37454 855304
460323 467767
918025 970636
803313 819217
741282 761929
118220 561224
92778 590756
247762 271708
29381 767493
403911 741511
60573 628265
330619 577522
458866 966175
36724 513814
628630 812861
316148 419503
232050 529311
355705 764595
3056 480827
42179 533109
764014 898696
194189 553639
336945 385558
826742 989426
20339 435240
298730 317686
565953 616926
868520 980121
523157 775202
353075 727675
603913 744207
943015 951591
711766 893908
819592 876407
90916 316298
76373 554373
194721 519585
604739 773259
542539 577901
22580 82359
216869 457024
112465 614409
976930 978531
101405 358148
512686 581683
75576 572736
269933 758908
685269 867191
647339 824592
40069 181252
934671 974553
49573 985665
543438 914812
286422 689021
458902 803358
424080 520738
427373 583655
196915 825809
258762 627035
853390 978986
250696 962192
34093 144730

