1 1
2 2
1 2
2 1
1 3489
84798 41161
24627 69582
3757 91689
73062 86620
1573 42983
79380 41389
15965 83809
23582 12340
80358 42820
66727 76424
46984 33852
12733 53501
94678 30286
94671 96286
36448 50197
40818 14390
27784 49595
30379 68699
43312 23501
51040 920
63308 69984
73569 84022
53365 62878
50290 67356
65525 4685
98068 26790
42348 14244
89701 36931
29542 91730
19407 19050
27677 71942
29654 97120
79713 8955
11147 86567
17905 25252
42689 65297
81469 20666
54880 92521
65242 54093
49901 64543
76636 76662
55574 80530
41074 87008
35662 94242
76554 22188
38412 45175
54659 47222
98412 3466
87621 93082
76428 25109
16217 63403
80316 2827
85360 3562
80772 31460
45756 76372
55820 98762
2884 59859
8787 62599
19922 28011
56242 9350
21299 45547
16323 36002
56155 51670
97729 37209
16574 72452
34076 25203
86704 82560
88140 7755
98674 15411
39664 32034
69985 73334
6117 5786
66228 96797
38075 54515
36735 95933
82879 16940
81238 7819
93387 6832
29838 8207
33351 81545
67164 87232
49451 11481
40337 96798
94424 84636
74695 9488
4161 7920
45217 21081
68074 2135
46617 41990
78825 92063
36395 50369
19413 89073
28279 42362
33624 37579
41815 50794
74433 89303
5251 62464
83012 35843
19545 40272
45192 51558
599 79084
81956 34472
16432 49469
77354 3549
35149 16572
29475 73354
74794 60940
66157 77121
70069 7701
27003 29551
91260 68546
32372 36255
66935 70192
84104 36062
22658 89734
43383 24237
40721 36388
38277 6581
82071 1270
50394 54020
70923 31381
9490 60393
9626 26841
80297 40046
29229 72881
67516 83092
76258 65688
32499 37425
80816 51348
58435 37197
37889 43234
98625 57556
73069 85081
26288 34424
3690 43377
82367 54976
38206 95745
83801 29754
47505 98991
44247 96888
9707 29154
42075 87211
75538 94295
40035 34797
80673 42068
46541 97587
61342 10744
63792 58622
32009 94050
26487 76338
