85 3330
14 13954
150 13359
422 18769
294 8857
689 11238
129 17016
639 13610
617 4044
716 7717
677 10848
447 14624
34 16049
240 14036
298 9603
561 17497
652 12216
412 18504
588 19757
902 13967
423 8710
936 10793
194 14861
857 10897
940 11996
759 12806
736 4588
534 9223
669 11322
558 13086
331 17938
765 5781
783 8621
464 10881
313 5946
154 17846
42 19125
731 18344
956 10315
51 5786
490 1708
978 18443
522 17142
832 11032
131 10310
694 1245
39 7009
213 12282
983 13689
378 1054
834 4473
293 3890
292 16443
46 4860
64 17831
167 19074
283 4483
578 2021
195 12833
614 14489
703 13363
20 1436
735 8684
367 9101
168 11408
180 6332
152 11975
690 7805
213 10837
855 15126
233806 825680
791764 804404
877287 904560
384477 836757
31968 990412
472299 590406
927846 995213
282079 502896
856931 863627
507584 640905
643826 666313
955409 980974
230203 466054
711398 810004
791988 983755
393113 479323
564604 862538
296913 298919
118582 742862
179662 644294
188325 998517
862704 953079
252826 326468
371902 990135
83521 686041
192168 349342
774568 856291
230978 766262
30172 286706
905461 920772
30544 104764
736197 939122
771767 840184
779421 819627
854244 892211
967715 995280
325342 918242
542676 956455
243171 855931
455026 818953
214194 468417
954824 992037
392258 589784
636561 780917
41097 695175
756416 853535
302404 548777
938518 951927
41302 690347
392445 786056
867357 923552
406557 812203
342042 906406
682615 968795
972895 979589
996317 996574
643806 657602
687188 976678
647247 937758
366012 653906
465720 912458
202139 237643
78550 728757
870723 952262
958324 962957
695160 982557
891188 963278
850603 890462
228274 869749
273708 529934
299876 528222
416395 925807
291908 425053
139865 588807
127102 971760
939672 944529
806444 951148
410851 911400
186973 605177
755199 821211
335041 602100
79744 828663
50241 744763
396359 743427
271051 346582
697622 845804
628481 852604
701643 847358
320170 840213
756933 970580
293494 799502
510239 894477
416277 746755
61609 309507
27069 376824
945638 974972
263738 327949
910143 932458
705671 833599
763646 901927
638260 676376
154760 168385
987930 994033
35148 847418
71153 736093
235375 410115
549958 732978
205615 470992
114212 665650
749210 801358
965811 981242
668825 674460
793094 933706
714326 785602
121977 291877
310956 571140
165297 517604
630454 700269
826070 853118
831214 967226
259209 553504
119861 259094
18784 229563
598257 701653
396364 653083
496780 639583
605293 606510
956739 956006
826611 825983
756134 756776
