303644 303818
426029 426109
64596 64629
422418 422448
456678 456734
161149 161169
402403 402650
355794 356031
476337 476493
193682 193798
136842 137033
211020 211066
383745 383957
317072 317088
361771 362022
243208 243403
223355 223470
398814 399078
292200 292221
200980 201211
363013 363072
59323 59366
220571 220697
469018 469317
201289 201301
100116 100404
348954 349016
42206 42380
311537 311613
349449 349621
253901 254026
483928 483938
79852 80146
39762 40022
343554 343808
212958 213064
176124 176350
325923 326083
345541 345709
487321 487581
162516 162737
241702 241721
206944 207133
209859 210032
22304 22322
400068 400085
140720 140985
455334 455559
480102 480208
166601 166836
341465 341466
461812 461860
322073 322087
216155 216300
297190 297423
285719 285954
139188 139482
1125 1153
303495 303620
322518 322684
333600 333722
394198 394369
90441 90610
298132 298369
331547 331722
238628 238801
17524 17550
278795 278805
477880 478006
7967 7994
419728 419800
39480 39564
434240 434359
455067 455291
356354 356458
44578 44839
236580 236753
266360 266488
47963 47968
116309 116588
61015 61304
8776 8926
487758 487880
36170 36402
47412 47505
199234 199349
262639 262725
144317 144395
134662 134841
87473 87483
160455 160674
241305 241494
288165 288401
241612 241746
138732 138878
205106 205270
181036 181108
139752 139917
495646 495745
488262 488462
416372 416376
430717 430720
78005 78169
194215 194235
426842 426974
358969 359138
456579 456737
445099 445199
228877 229123
377643 377788
200727 200906
13225 13292
216728 216943
184746 184802
455850 456012
365992 366035
27458 27526
140657 140936
213085 213100
81663 81756
433552 433752
343206 343360
157533 157640
133129 133260
37680 37691
489360 489650
261013 261072
408385 408406
481450 481575
72608 72754
458247 458535
115607 115803
272352 272393
316856 316902
241484 241576
11825 11830
129862 130144
348222 348495
234915 235162
213835 214091
128099 128256
92673 92833
257663 257680
338589 338840
124852 125100
457453 457642
21988 22108
1323 1534
488034 488100
418063 418350
