1 10
1 100
100 1
1 100
1 1000
3 7
7 3
13 27
27 13
100 270
200 200
1 10000
2300 30000
1238 8212
8212 1238
3378 2312
1223 4622
3333 4533
106	235
24	164
233	108
155	44
45	129
32	25
129	227
269	24
4	104
181	189
124	28
34	81
12	103
83	113
148	223
84	35
196	245
259	33
191	6
177	98
30	67
155	12
220	114
17	188
250	130
17	48
17	128
248	19
91	202
12	84
90	135
122	220
248	242
154	137
184	82
160	88
220	38
245	11
62	252
164	153
232	10
1	34
22	270
188	153
260	109
151	110
250	224
19	30
205	71
150	16
247	236
62	85
171	134
2711 1621
2510 2146
2670 1534
1870 1905
1488 2372
1880 380
676	2536
728	2446
2673 1822
2888 427
2399 697
2289 1090
367	1941
2008 1059
2867 2240
1524 2593
1192 1844
1209 578
1504 335
2531 1043
2517 1020
1728 1962
2490 2161
389	1687
2440 563
1744 917
2180 1389
2318 1144
465	546
884	1189
2069 674
6646 6414
6430 7905
216 5812
4248 3191
8990 7443
6792 8808
4291 3346
783 93219
93219 783
59117 940
955 33491
5792 6858

340 123002
4160 9414
9047 6089
